
NCV-111 COST ---
256
1728
5928
12920
19044
19997
18244
24953
47311
74811
86632
78082
69298
81870
108934
120099
101560
76048
70652
83548
88284
71446
46839
30897
27012
25791
20623
12966
6540
3340
2387
1856
1170
500
136
26
1
0
0
0
0
0
0
0
0
0
0
0
0
0
0
0
0
0
0
0
0
0
0
0
0
0
0
0
0
0
0
0
0
0
0
0
0
0
0
0
0
0
0
0
0
0
0
0
0
0
0
0
0
0
0
0
0
0
0
0
0
0
0
0

0.0
2.375
5.26020408163
8.03002763605
10.7659353741
13.4557583971
15.9340738379
17.8706132192
17.2640128968

15.2207065267
0
NCV-012 COST ---
832
4416
11632
19348
20972
15013
7175
2146
2211
12688
38984
73163
89948
78112
49631
22411
9097
17570
52632
100340
124181
105929
64782
27839
9515
12660
38794
74467
91257
76426
46649
20463
6418
3857
10493
20752
25805
22073
14024
6406
1962
528
678
1440
2049
1924
1294
572
144
26
1
0
0
0
0
0
0
0
0
0
0
0
0
0
0
0
0
0
0
0
0
0
0
0
0
0
0
0
0
0
0
0
0
0
0
0
0
0
0
0
0
0
0
0
0
0
0
0
0
0

0.0
2.8125
6.5931122449
10.2752444728
14.0254761905
17.8539567389
21.5249167375
24.5553416419
23.793328373

20.5325390555
0
NCV-155 COST ---
832
0
0
0
0
4416
0
0
0
0
11632
0
0
0
0
19348
0
0
0
0
20972
0
0
0
0
16885
0
0
0
0
19847
0
0
0
0
41130
0
0
0
0
73502
0
0
0
0
89964
0
0
0
0
80344
0
0
0
0
65765
0
0
0
0
74832
0
0
0
0
107187
0
0
0
0
125617
0
0
0
0
107540
0
0
0
0
75839
0
0
0
0
66385
0
0
0
0
82559
0
0
0
0
92878
0
0
0
0
76934
0
0
0
0
49282
0
0
0
0
30765
0
0
0
0
26891
0
0
0
0
27052
0
0
0
0
22264
0
0
0
0
14155
0
0
0
0
7028
0
0
0
0
3396
0
0
0
0
2465
0
0
0
0
1980
0
0
0
0
1300
0
0
0
0
572
0
0
0
0
144
0
0
0
0
26
0
0
0
0
1
0
0
0
0
0
0
0
0
0
0
0
0
0
0
0
0
0
0
0
0
0
0
0
0
0
0
0
0
0
0
0
0
0
0
0
0
0
0
0
0
0
0
0
0
0
0
0
0
0
0
0
0
0
0
0
0
0
0
0
0
0
0
0
0
0
0
0
0
0
0
0
0
0
0
0
0
0
0
0
0
0
0
0
0
0
0
0
0
0
0
0
0
0
0
0
0
0
0
0
0
0
0
0
0
0
0
0
0
0
0
0
0
0
0
0
0
0
0
0
0
0
0
0
0

0.0
10.78125
24.2697704082
37.3376381803
50.3921768707
63.3725419855
75.4516191893
84.9780660962
81.9450644841

72.0116228501
0