
NCV-111 COST ---
256
1728
5684
11434
15136
14013
12475
19771
37893
55399
57900
48416
47919
68653
94442
98038
78043
63334
74333
96202
97812
74149
50804
47291
56031
55716
41175
25373
19087
19665
18365
12786
7111
4349
3652
3078
1968
997
511
303
213
130
59
27
8
0
0
0
0
0
0
0
0
0
0
0
0
0
0
0
0
0
0
0
0
0
0
0
0
0
0
0
0
0
0
0
0
0
0
0
0
0
0
0
0
0
0
0
0
0
0
0
0
0
0
0
0
0
0
0

0.0
2.5
5.90369897959
9.18075042517
12.3021173469
15.3229644983
18.1628968254
20.4607421875
20.6406746032

17.3956894812
0
NCV-012 COST ---
832
4224
10678
16139
15008
8605
2785
436
1872
11863
33352
56685
62378
45450
22038
7023
4152
18752
54537
95355
105906
78167
38739
12672
5355
18426
54677
96184
106069
77512
38528
12519
3809
9870
30758
55303
60472
43902
21955
7102
1718
3149
10583
19438
19928
13722
6815
2204
424
437
1879
3588
3343
2056
1037
361
73
26
129
259
242
128
66
27
7
0
0
1
0
0
0
0
0
0
0
0
0
0
0
0
0
0
0
0
0
0
0
0
0
0
0
0
0
0
0
0
0
0
0
0

0.0
3.03125
7.7512755102
12.3428996599
16.7658418367
21.1352651998
25.3381306689
28.8279854911
29.1240079365

24.2388000796
0
NCV-155 COST ---
832
0
0
0
0
4224
0
0
0
0
10678
0
0
0
0
16139
0
0
0
0
15008
0
0
0
0
10477
0
0
0
0
14648
0
0
0
0
33788
0
0
0
0
56685
0
0
0
0
62378
0
0
0
0
48254
0
0
0
0
40662
0
0
0
0
61560
0
0
0
0
96703
0
0
0
0
106034
0
0
0
0
80964
0
0
0
0
56907
0
0
0
0
67347
0
0
0
0
98742
0
0
0
0
106327
0
0
0
0
78829
0
0
0
0
48176
0
0
0
0
43276
0
0
0
0
57797
0
0
0
0
60694
0
0
0
0
44237
0
0
0
0
24997
0
0
0
0
17685
0
0
0
0
20822
0
0
0
0
20035
0
0
0
0
13722
0
0
0
0
7227
0
0
0
0
4083
0
0
0
0
4012
0
0
0
0
3368
0
0
0
0
2056
0
0
0
0
1062
0
0
0
0
490
0
0
0
0
332
0
0
0
0
243
0
0
0
0
128
0
0
0
0
66
0
0
0
0
27
0
0
0
0
8
0
0
0
0
0
0
0
0
0
0
0
0
0
0
0
0
0
0
0
0
0
0
0
0
0
0
0
0
0
0
0
0
0
0
0
0
0
0
0
0
0
0
0
0
0
0
0
0
0
0
0
0
0
0
0
0
0
0
0
0
0
0
0
0
0
0
0
0
0
0
0
0
0
0
0
0
0
0
0
0
0
0
0
0

0.0
11.40625
27.487244898
43.0912521259
58.0730867347
72.7085724915
86.595734127
97.9287109375
98.8283730159

82.8865376225
0