----gate cost ----
256
2304
12388
44815
113522
212207
297157
308802
234443
134278
58147
18805
3996
591
18
0
0
0
0
0

0.0
1.5
2.8488520408163267
4.069036989795919
5.172695578231292
6.134747023809524
6.900609410430839
7.346152653769841
7.10734126984127

6.623617892128133
----NCV-111 cost ----
256
1728
6852
17183
27224
27053
21586
26026
47949
73581
72546
52823
49518
80664
121013
118072
77933
58901
80416
109652
97715
58042
31606
33050
44373
41209
24060
8983
4747
7660
9565
6393
2142
416
48
240
360
126
18
0
0
0
0
0
0
0
0
0
0
0
0
0
0
0
0
0
0
0
0
0
0
0
0
0
0
0
0
0
0
0
0
0
0
0
0
0
0
0
0
0
0
0
0
0
0
0
0
0
0
0
0
0
0
0
0
0
0
0
0
0

0.0
3.0
5.769770408163265
8.4187393707483
11.054260204081633
13.698830782312925
16.237089002267574
18.251559399801586
18.096230158730158

15.540469810900662
----NCV-012 cost ----
1600
7008
20217
33717
29051
11709
2229
0
3504
19304
53698
89555
79814
31689
5603
0
5760
30904
88137
146154
128150
49907
6320
0
6768
31752
87436
131572
101007
38585
5577
0
2260
11088
32843
52639
44461
19434
1078
0
0
264
3524
8733
11123
6545
218
0
0
0
0
0
252
540
0
0
0
0
0
0
0
0
0
0
0
0
0
0
0
0
0
0
0
0
0
0
0
0
0
0
0
0
0
0
0
0
0
0
0
0
0
0
0
0
0
0
0
0
0
0

0.0
3.75
7.275510204081633
10.751169217687075
14.355739795918367
18.14740380527211
21.965214002267572
25.171685887896825
25.1593253968254

20.991555972030806
----NCV-155 ----
256
576
576
192
0
1152
2880
2400
576
0
3396
8811
6378
1632
0
5780
15226
10077
2634
0
5044
12728
9121
2158
0
2616
6167
5506
924
0
3664
9042
7099
1728
0
9320
24132
16488
3758
0
15794
41129
26355
6277
0
14236
35829
24384
5365
0
6604
15804
12756
2285
0
6358
15777
11690
2682
0
15620
40263
26164
6090
0
26426
68687
42099
8942
0
23480
59605
37048
8017
0
10278
25139
18054
3204
0
6804
16902
11850
2516
0
15928
40852
25092
5564
0
24510
63032
36845
7185
0
19012
47648
28944
5403
0
7658
18809
12329
2049
0
3104
7694
5088
779
0
6180
15819
9156
1688
0
10094
25892
14164
2489
0
8546
21687
12068
2160
0
3670
9249
5523
992
0
254
644
395
49
0
656
1664
1012
192
0
1696
4381
2378
278
0
2218
5705
2797
403
0
1290
3274
1629
352
0
44
110
64
0
0
0
0
0
0
0
0
0
0
0
0
48
132
60
12
0
108
300
114
18
0
0
0
0
0
0
0
0
0
0
0
0
0
0
0
0
0
0
0
0
0
0
0
0
0
0
0
0
0
0
0
0
0
0
0
0
0
0
0
0
0
0
0
0
0
0
0
0
0
0
0
0
0
0
0
0
0
0
0
0
0
0
0
0
0
0
0
0
0
0
0
0
0
0
0
0
0
0
0
0
0
0
0
0
0
0
0
0
0
0
0
0
0
0
0
0
0
0
0
0
0
0
0
0
0
0
0
0
0
0
0
0
0
0
0
0
0
0
0
0
0

0.0
13.5
26.10905612244898
38.37430909863946
50.83252551020408
63.59619472789116
76.08850623582767
86.22208271329364
85.76686507936508

72.75613794270629
