----gate cost ----
256
2304
11604
39957
101208
195319
286169
314253
255983
150678
62419
17905
3308
357
9
0
0
0
0
0

0.0
1.5
2.8558673469387754
4.0880633503401365
5.212015306122449
6.209938350340136
7.0161688633786845
7.513721478174603
7.383531746031746

6.73716697104657
----NCV-111 cost ----
256
1728
6468
15753
25883
29464
25819
26529
42248
65522
75093
64496
56579
75593
107772
114114
87564
65946
81461
110029
110040
75656
40862
31155
34840
32754
20602
8272
2434
1779
2118
1767
911
216
6
0
0
0
0
0
0
0
0
0
0
0
0
0
0
0
0
0
0
0
0
0
0
0
0
0
0
0
0
0
0
0
0
0
0
0
0
0
0
0
0
0
0
0
0
0
0
0
0
0
0
0
0
0
0
0
0
0
0
0
0
0
0
0
0
0

0.0
3.0
5.769132653061225
8.38546981292517
10.950518707482994
13.519887329931972
15.974176232993198
17.997972470238096
18.132738095238096

15.32621248514804
----NCV-012 cost ----
1600
7008
20217
35151
32365
15065
3131
47
3504
16944
49641
87053
85327
42675
10740
656
5760
28272
84879
143699
125879
47478
7179
182
6768
33024
95547
146370
113557
42429
6353
44
2260
10896
31164
46221
32231
11691
1135
30
0
0
780
2358
2627
1743
49
0
0
0
0
0
0
0
0
0
0
0
0
0
0
0
0
0
0
0
0
0
0
0
0
0
0
0
0
0
0
0
0
0
0
0
0
0
0
0
0
0
0
0
0
0
0
0
0
0
0
0
0
0

0.0
3.75
7.25765306122449
10.64423894557823
14.075824829931973
17.663063350340135
21.246253188775512
24.361160714285713
24.694642857142856

20.365056123584946
----NCV-155 ----
256
576
576
192
0
1152
2496
2496
864
0
3396
7047
7302
2472
0
6018
12099
12788
4246
0
5618
10978
11773
3996
0
3226
6376
6748
2219
0
3424
7173
7129
2349
0
8612
17566
17697
5813
0
15334
30268
31206
10245
0
15208
29440
30498
10181
0
8634
16925
17195
5681
0
6828
14087
13504
4593
0
15116
30482
29860
10077
0
25926
50217
50656
16900
0
23102
43481
44462
14834
0
9900
19024
19004
6318
0
7178
14718
13653
4654
0
17390
34280
32906
11153
0
27210
51057
51130
16973
0
21412
39359
39707
13079
0
8398
15770
15430
5091
0
3206
6433
5728
1882
0
5920
11346
10450
3492
0
8990
16140
15856
5235
0
6368
11112
11022
3729
0
2294
4119
3979
1299
0
226
414
367
128
0
150
312
261
87
0
456
858
780
264
0
532
897
893
305
0
354
600
591
198
0
10
15
18
6
0
0
0
0
0
0
0
0
0
0
0
0
0
0
0
0
0
0
0
0
0
0
0
0
0
0
0
0
0
0
0
0
0
0
0
0
0
0
0
0
0
0
0
0
0
0
0
0
0
0
0
0
0
0
0
0
0
0
0
0
0
0
0
0
0
0
0
0
0
0
0
0
0
0
0
0
0
0
0
0
0
0
0
0
0
0
0
0
0
0
0
0
0
0
0
0
0
0
0
0
0
0
0
0
0
0
0
0
0
0
0
0
0
0
0
0
0
0
0
0
0
0
0
0
0
0
0
0
0
0
0
0
0
0
0
0
0
0
0
0
0

0.0
13.5
26.059948979591837
38.07020620748299
50.03830782312925
62.24229379251701
74.0851668792517
83.98986235119048
84.66369047619048

71.0193004371834
