----gate cost ----
256
2304
12916
49364
128220
238286
323319
317201
217788
105573
36224
8820
1379
79
0
0
0
0
0
0

0.0
1.5
2.7072704081632653
3.8475233843537415
4.909923469387755
5.861617772108843
6.652986819727891
7.172309027777778
6.973958333333333

6.388270611189759
----NCV-111 cost ----
256
1728
7188
18930
30317
28520
20932
26824
54609
83935
78868
52389
50500
89210
125727
104596
54740
48622
89709
124742
97082
44691
25041
37892
51182
37442
14502
5265
7136
9797
7300
2510
1177
2221
3114
2115
606
73
78
122
38
3
0
0
0
0
0
0
0
0
0
0
0
0
0
0
0
0
0
0
0
0
0
0
0
0
0
0
0
0
0
0
0
0
0
0
0
0
0
0
0
0
0
0
0
0
0
0
0
0
0
0
0
0
0
0
0
0
0
0

0.0
3.0
5.449617346938775
8.032684948979592
10.694141156462585
13.381675170068027
16.02762542517007
18.20703125
17.55252976190476

15.315745885669221
----NCV-012 cost ----
1600
7050
19365
33006
30322
14300
3590
272
3399
19865
55895
91905
85070
38630
8911
914
5265
32904
91645
140889
107902
34930
3859
315
6126
34295
97452
140118
96196
31064
4584
307
2182
13044
39939
57897
36545
10326
1031
75
32
1908
7517
11140
7067
1761
57
0
0
660
2440
3561
1988
325
32
0
0
0
86
146
22
3
0
0
0
0
0
0
0
0
0
0
0
0
0
0
0
0
0
0
0
0
0
0
0
0
0
0
0
0
0
0
0
0
0
0
0
0
0
0

0.0
3.75
6.9145408163265305
10.391741071428571
14.09312074829932
17.966268069727892
21.948214285714286
25.36928943452381
24.3624503968254

20.933039426965816
----NCV-155 ----
256
576
576
192
0
1152
3216
2394
288
0
3396
10326
5154
489
0
6018
19367
6912
709
0
5508
18097
6287
430
0
3022
9956
4430
270
0
3980
11766
6791
918
0
10198
30428
14287
1254
0
17120
53134
19730
1942
0
15596
50414
17706
1354
0
7470
25459
10149
784
0
7282
21799
11387
1347
0
17198
50439
22740
2182
0
26600
81906
30053
2363
0
19734
65735
20711
1722
0
6626
24980
8956
480
0
6686
19564
10723
1181
0
18380
52212
24475
2700
0
26294
81842
29587
2409
0
17244
59475
18207
1270
0
5320
21123
6425
362
0
2952
9668
4576
432
0
7678
21916
9802
850
0
11038
34498
11427
950
0
6450
23549
6229
317
0
1616
6899
1747
96
0
424
1761
710
44
0
1440
4238
1717
197
0
2092
6822
2129
97
0
1214
4714
1065
74
0
260
1220
265
16
0
128
374
191
24
0
464
1378
558
40
0
636
2224
635
66
0
308
1416
251
13
0
24
289
12
0
0
0
32
0
0
0
16
54
16
0
0
24
106
16
0
0
0
22
0
0
0
0
3
0
0
0
0
0
0
0
0
0
0
0
0
0
0
0
0
0
0
0
0
0
0
0
0
0
0
0
0
0
0
0
0
0
0
0
0
0
0
0
0
0
0
0
0
0
0
0
0
0
0
0
0
0
0
0
0
0
0
0
0
0
0
0
0
0
0
0
0
0
0
0
0
0
0
0
0
0
0
0
0
0
0
0
0
0
0
0
0
0
0
0
0
0
0
0
0
0
0

0.0
13.5
24.880739795918366
37.044164540816325
49.71397108843537
62.68657525510204
75.69656675170069
86.58002232142857
83.26661706349206

72.26547777009411
