----gate cost ----
256
1736
6055
13479
20935
23560
22034
24035
35935
51310
56362
49677
45106
52390
67800
54658
27425
0
0
0

0.0
1.297872340425532
2.9183673469387754
5.380532687651332
7.618448201127005
9.77477924640452
11.734307020213775
11.791066490454561
9.724676048488226

10.575828625082089
----NCV-111 cost ----
256
1728
6048
13472
20930
23560
22082
24161
36067
51513
57353
51029
48589
63500
86701
93610
78414
62798
69010
89341
95843
77928
53430
45387
53101
57174
45760
26811
14750
14038
17017
15574
9673
4037
2042
2506
2808
2079
889
209
87
152
156
90
26
0
0
0
0
0
0
0
0
0
0
0
0
0
0
0
0
0
0
0
0
0
0
0
0
0
0
0
0
0
0
0
0
0
0
0
0
0
0
0
0
0
0
0
0
0
0
0
0
0
0
0
0
0
0
0

0.0
3.0
6.084183673469388
9.224808673469388
12.375756802721089
15.440792410714286
18.13767538265306
19.668229166666666
18.489880952380954

17.185910112094575
----NCV-012 cost ----
1600
7008
17736
26824
25572
13742
3948
0
3504
16944
41958
66527
62286
35385
9526
0
5760
28272
72306
109339
102900
55892
15211
0
5600
27232
73649
111388
107537
59153
16600
0
3060
14928
41717
64902
65368
37880
11026
0
368
1760
7945
16144
21681
15207
5248
0
0
0
616
1512
3536
3303
1590
0
0
0
0
0
147
160
232
0
0
0
0
0
0
0
0
0
0
0
0
0
0
0
0
0
0
0
0
0
0
0
0
0
0
0
0
0
0
0
0
0
0
0
0
0

0.0
3.75
7.735331632653061
11.925860969387756
16.26840986394558
20.636559311224488
24.607233205782315
26.925725446428572
25.1375

23.239373002832018
----NCV-155 ----
256
576
576
192
0
1152
2496
2496
864
0
2976
6192
6396
2172
0
4592
9230
9764
3238
0
4440
8640
9402
3090
0
2984
5866
6371
2025
0
3576
7428
7438
2450
0
7272
14862
14850
4974
0
11742
23109
23772
7904
0
11104
21301
22463
7418
0
7306
14070
14905
4864
0
6592
13474
13242
4490
0
12792
25674
25314
8526
0
19720
38151
38590
12878
0
18746
35298
36752
12104
0
11196
21160
22007
7129
0
7624
15275
14688
4856
0
13412
26559
25186
8492
0
20634
39249
38566
12939
0
20050
37215
37750
12522
0
11570
21497
21964
7182
0
5742
11268
10882
3636
0
7676
15133
14074
4834
0
12190
23033
22183
7496
0
12358
22911
22540
7559
0
7246
13358
13266
4378
0
2366
4542
4407
1471
0
1444
2955
2608
938
0
3010
5875
5377
1882
0
4084
7798
7305
2494
0
2904
5405
5171
1727
0
982
1896
1774
596
0
112
248
192
64
0
288
588
472
164
0
666
1334
1135
401
0
636
1209
1092
366
0
300
586
523
181
0
0
0
0
0
0
0
0
0
0
0
28
55
48
16
0
32
60
51
17
0
44
89
73
26
0
0
0
0
0
0
0
0
0
0
0
0
0
0
0
0
0
0
0
0
0
0
0
0
0
0
0
0
0
0
0
0
0
0
0
0
0
0
0
0
0
0
0
0
0
0
0
0
0
0
0
0
0
0
0
0
0
0
0
0
0
0
0
0
0
0
0
0
0
0
0
0
0
0
0
0
0
0
0
0
0
0
0
0
0
0
0
0
0
0
0

0.0
13.5
27.635204081632654
42.26690051020408
57.164498299319725
71.84681919642857
84.90266262755102
92.34114583333333
86.44940476190476

80.31778857191608
