----gate cost ----
256
19232
92945
8
7
3078
254226
1070296
6
5
5
5
4
4
3
3
2
0
0
0

0.0
0.8979591836734694
3.1591928251121075
4.773558743533679
5.636704598729915
6.242261293429616
6.5676884538812965
6.706508152637472
6.7075052722987225

6.415183131551262
----NCV-111 cost ----
256
20600
92937
0
0
3088
254448
1070400
0
0
0
0
0
0
0
0
0
0
0
0
0
0
0
0
0
0
0
0
0
0

0.0
2.09375
3.63265306122449
4.764827806122449
5.626649659863945
6.235621279761904
6.563637329931972
6.703571428571428
6.703571428571428

6.4099438937553455
----NCV-012 cost ----
1600
112193
0
0
0
0
0
0
18292
1309644
0
0
0
0
0
0
0
0
0
0

0.0
2.71875
4.71109693877551
6.186224489795919
7.327517006802721
8.137223639455783
8.556590136054421
8.728571428571428
8.728571428571428

8.354777492857535
----NCV-155 ----
256
1344
0
0
0
19256
92937
0
0
0
0
0
0
0
0
0
0
0
0
0
0
0
0
0
0
3088
15204
0
0
0
239244
1070400
0
0
0
0
0
0
0
0
0
0
0
0
0
0
0
0
0
0
0
0
0
0
0
0
0
0
0
0
0
0
0
0
0
0
0
0
0
0
0
0
0
0
0
0
0
0
0
0
0
0
0
0
0
0
0
0
0
0
0
0
0
0
0
0
0
0
0
0

0.0
9.59375
16.538265306122447
21.574139030612244
25.383248299319728
28.053106398809526
29.443186649659864
30.017857142857142
30.017857142857142

28.776191642118594
