----gate cost ----
256
1736
6583
15891
25449
27035
22083
24303
41118
63719
66081
49343
39504
54568
55753
3732
0
0
0
0

0.0
1.297872340425532
2.899665551839465
5.268901233405518
7.035390134529148
8.909324067725091
10.368413455369744
10.945476705421262
9.499125050477858

9.510367009015315
----NCV-111 cost ----
256
1728
6576
15884
25444
27034
22129
24432
41269
64192
67040
52425
49920
73993
106221
104623
73559
60776
83744
114884
106886
68525
40482
40399
52096
48096
29654
11821
4858
5893
7664
5712
2153
442
77
257
387
167
31
0
0
0
0
0
0
0
0
0
0
0
0
0
0
0
0
0
0
0
0
0
0
0
0
0
0
0
0
0
0
0
0
0
0
0
0
0
0
0
0
0
0
0
0
0
0
0
0
0
0
0
0
0
0
0
0
0
0
0
0
0

0.0
3.0
5.936862244897959
8.807132227891156
11.613869047619048
14.334715136054422
16.782789469954647
18.346096850198414
17.830555555555556

15.984724591098605
----NCV-012 cost ----
1600
7008
18612
30664
29706
14183
2490
0
3504
16944
45189
76740
74624
36210
10399
2563
6068
28272
77788
124596
113067
50980
12166
1870
6708
31104
87613
134621
113981
50118
11107
1954
3062
12816
37912
59862
51965
23531
4627
669
90
0
1992
6538
9292
5394
626
10
0
0
0
0
289
605
0
0
0
0
0
0
0
0
0
0
0
0
0
0
0
0
0
0
0
0
0
0
0
0
0
0
0
0
0
0
0
0
0
0
0
0
0
0
0
0
0
0
0
0
0
0

0.0
3.75
7.5248724489795915
11.33216411564626
15.193894557823128
19.096250531462584
22.766282242063493
25.252867683531747
24.68174603174603

21.63389374840903
----NCV-155 ----
256
576
576
192
0
1152
2880
2400
576
0
3120
8052
5940
1500
0
5240
13768
9196
2460
0
5160
13278
9087
2181
0
3060
7270
6255
1102
0
3312
8160
6374
1588
0
7836
20253
13962
3138
0
13540
35302
22443
5455
0
13340
34037
22240
5007
0
7422
17972
13946
2630
0
6758
16729
12254
2930
0
14238
36539
24028
5546
0
22570
58581
36078
7675
0
20682
52607
32803
6975
0
10392
25317
18336
3303
0
7764
19151
13650
2705
0
16314
41713
26101
5355
0
25078
64732
37610
7541
0
21346
54093
32323
6219
0
9828
24245
15998
2707
0
4416
10831
7340
1336
0
7434
18890
11374
2168
0
11462
29434
16218
3150
0
9952
25230
14253
2530
0
4480
11351
6623
1077
0
900
2182
1359
186
0
486
1196
785
194
0
1226
3156
1865
381
0
1766
4579
2482
465
0
1026
2729
1392
247
0
120
294
191
21
0
2
4
4
0
0
0
0
0
0
0
52
143
72
22
0
114
315
145
31
0
0
0
0
0
0
0
0
0
0
0
0
0
0
0
0
0
0
0
0
0
0
0
0
0
0
0
0
0
0
0
0
0
0
0
0
0
0
0
0
0
0
0
0
0
0
0
0
0
0
0
0
0
0
0
0
0
0
0
0
0
0
0
0
0
0
0
0
0
0
0
0
0
0
0
0
0
0
0
0
0
0
0
0
0
0
0
0
0
0
0
0
0
0
0
0
0
0
0
0
0
0
0
0
0
0
0
0
0
0
0
0
0
0
0
0
0
0
0
0
0

0.0
13.5
26.944515306122447
40.31627338435374
53.63056972789116
66.77561649659864
78.81700857426304
86.69476996527777
84.43849206349206

74.977411843696
