----gate cost ----
256
2304
12276
43859
109909
202477
281512
298201
241515
147570
69685
24967
6189
970
39
0
0
0
0
0

0.0
1.5
2.875
4.12515943877551
5.250008503401361
6.233072916666667
7.015534651360544
7.475914558531746
7.174603174603175

6.732259668772703
----NCV-111 cost ----
256
1728
6852
17183
27224
27053
21474
25630
47876
75382
78971
63622
59396
81926
115102
113939
80775
57929
67749
88593
83976
56956
37228
37930
45543
39660
25508
13752
10555
12224
10568
6150
1944
343
48
228
324
120
12
0
0
0
0
0
0
0
0
0
0
0
0
0
0
0
0
0
0
0
0
0
0
0
0
0
0
0
0
0
0
0
0
0
0
0
0
0
0
0
0
0
0
0
0
0
0
0
0
0
0
0
0
0
0
0
0
0
0
0
0
0

0.0
3.0
5.7729591836734695
8.418526785714286
11.04296768707483
13.68061755952381
16.215095308956915
18.28206535218254
18.03968253968254

15.531427889707428
----NCV-012 cost ----
1600
7008
20217
33717
29051
11709
2229
0
3504
18552
52911
91668
87416
46119
18350
4123
5760
28776
81810
135777
123417
59582
14548
1086
5600
24816
67515
104389
88446
42531
13088
1796
3060
13248
35634
52057
40684
20769
4880
684
368
3120
9135
13289
11254
5486
218
0
0
0
0
0
252
480
0
0
0
0
0
0
0
0
0
0
0
0
0
0
0
0
0
0
0
0
0
0
0
0
0
0
0
0
0
0
0
0
0
0
0
0
0
0
0
0
0
0
0
0
0
0

0.0
3.75
7.261479591836735
10.708705357142858
14.277993197278912
18.0417862457483
21.840531108276643
25.127749875992063
25.009920634920636

20.89425127745922
----NCV-155 ----
256
576
576
192
0
1152
2880
2400
576
0
3396
8811
6378
1632
0
5780
15226
10077
2634
0
5044
12728
9121
2158
0
2616
6167
5506
924
0
3552
8762
6939
1528
0
9204
23847
16314
3546
0
16166
41984
27177
6341
0
15556
39098
26659
6103
0
9150
22314
17219
3196
0
8308
20790
14848
3180
0
15284
39306
25666
5677
0
24576
63640
39243
8318
0
22616
57089
35843
7869
0
11930
29478
19934
3840
0
7136
17598
12244
2386
0
12528
32227
19446
4400
0
19438
50159
29157
5635
0
16602
41895
25208
4741
0
8524
21247
13411
2409
0
4866
12120
7787
1563
0
6956
17828
10626
2020
0
9906
25594
13936
2621
0
7760
19704
11153
2067
0
4000
10182
5914
1041
0
1552
3893
2130
425
0
1878
4776
2832
333
0
2608
6729
3475
477
0
2238
5682
2876
458
0
1078
2753
1376
279
0
44
110
64
0
0
0
0
0
0
0
0
0
0
0
0
48
132
60
12
0
96
264
108
12
0
0
0
0
0
0
0
0
0
0
0
0
0
0
0
0
0
0
0
0
0
0
0
0
0
0
0
0
0
0
0
0
0
0
0
0
0
0
0
0
0
0
0
0
0
0
0
0
0
0
0
0
0
0
0
0
0
0
0
0
0
0
0
0
0
0
0
0
0
0
0
0
0
0
0
0
0
0
0
0
0
0
0
0
0
0
0
0
0
0
0
0
0
0
0
0
0
0
0
0
0
0
0
0
0
0
0
0
0
0
0
0
0
0
0
0
0
0
0
0
0

0.0
13.5
26.125
38.37324617346939
50.776062925170066
63.50512861394558
75.97853776927438
86.37461247519842
85.48412698412699

72.71092833674012
