----gate cost ----
256
2304
10656
33720
79608
146367
214923
255939
250007
200855
132467
70983
30462
10165
2529
433
51
4
0
0

0.0
1.5
2.954719387755102
4.343696853741497
5.6379761904761905
6.795992772108844
7.750531462585034
8.361458333333333
8.204761904761904

7.428484826205202----NCV-012 cost ----
1600
95325
0
0
0
0
0
0
18292
1326512
0
0
0
0
0
0
0
0
0
0

0.0
2.71875
4.84375
6.428146258503402
7.553571428571429
8.27625425170068
8.626643990929706
8.76297123015873
8.744444444444444

8.448376220496362----NCV-155 ----
256
1344
0
0
0
16356
78969
0
0
0
0
0
0
0
0
0
0
0
0
0
0
0
0
0
0
3088
15204
0
0
0
242144
1084368
0
0
0
0
0
0
0
0
0
0
0
0
0
0
0
0
0
0

0.0
9.59375
16.95280612244898
22.33014455782313
26.08966836734694
28.48757706207483
29.662104946145124
30.12535652281746
30.067460317460316

29.068687665989934