----gate cost ----
256
1736
6199
14427
23325
26547
23851
24801
38363
57800
64708
54133
41882
50963
49040
4086
0
0
0
0

0.0
1.297872340425532
2.9130434782608696
5.2791998483124765
7.085380159174171
8.957702755141637
10.356775663196823
10.931156983899413
9.729784640390085

9.505499702354408
----NCV-111 cost ----
256
1728
6192
14420
23320
26546
23897
24927
38512
58280
65722
57278
52114
69426
96862
102892
82671
65773
78645
104194
106471
78667
47819
40010
47338
47788
34096
16134
6458
5583
6851
6028
3073
795
120
232
322
222
67
0
0
0
0
0
0
0
0
0
0
0
0
0
0
0
0
0
0
0
0
0
0
0
0
0
0
0
0
0
0
0
0
0
0
0
0
0
0
0
0
0
0
0
0
0
0
0
0
0
0
0
0
0
0
0
0
0
0
0
0
0

0.0
3.0
5.948341836734694
8.841571003401361
11.682746598639456
14.44951105442177
16.954983347505667
18.58716827876984
18.15198412698413

16.15111231028855
----NCV-012 cost ----
1600
7008
18612
30664
29706
14183
2490
0
3504
16944
45189
76740
74624
36210
10399
2563
6068
28272
77788
124596
113067
50980
12166
1870
6708
31104
87613
134621
113981
50118
11107
1954
3062
12816
37912
59862
51965
23531
4627
669
90
0
1992
6538
9292
5394
626
10
0
0
0
0
289
605
0
0
0
0
0
0
0
0
0
0
0
0
0
0
0
0
0
0
0
0
0
0
0
0
0
0
0
0
0
0
0
0
0
0
0
0
0
0
0
0
0
0
0
0
0
0

0.0
3.75
7.5248724489795915
11.33216411564626
15.193894557823128
19.096250531462584
22.766282242063493
25.252867683531747
24.68174603174603

21.63389374840903
----NCV-155 ----
256
576
576
192
0
1152
2496
2496
864
0
3120
6492
6732
2268
0
5240
10564
11154
3706
0
5160
10064
10877
3605
0
3060
6002
6532
2093
0
3312
6954
6898
2270
0
7836
15981
16044
5328
0
13540
26626
27493
9081
0
13340
25479
26899
8906
0
7422
14540
15085
4923
0
6758
13885
13424
4604
0
14238
28509
28131
9473
0
22570
43445
44214
14675
0
20682
38813
40236
13336
0
10392
19996
20340
6620
0
7764
15783
14772
4951
0
16314
32175
30670
10324
0
25078
47227
46948
15708
0
21346
39371
40012
13252
0
9828
18531
18432
5987
0
4416
8701
8072
2734
0
7434
14489
13364
4579
0
11462
21288
20548
6966
0
9952
18181
17804
6028
0
4480
8426
7975
2650
0
900
1645
1563
519
0
486
1019
844
312
0
1226
2454
2165
783
0
1766
3348
3109
1069
0
1026
2016
1766
586
0
120
236
205
65
0
2
4
3
1
0
0
0
0
0
0
52
117
90
30
0
114
232
192
67
0
0
0
0
0
0
0
0
0
0
0
0
0
0
0
0
0
0
0
0
0
0
0
0
0
0
0
0
0
0
0
0
0
0
0
0
0
0
0
0
0
0
0
0
0
0
0
0
0
0
0
0
0
0
0
0
0
0
0
0
0
0
0
0
0
0
0
0
0
0
0
0
0
0
0
0
0
0
0
0
0
0
0
0
0
0
0
0
0
0
0
0
0
0
0
0
0
0
0
0
0
0
0
0
0
0
0
0
0
0
0
0
0
0
0
0
0
0
0
0
0

0.0
13.5
26.955994897959183
40.350712159863946
53.69944727891156
66.89041241496598
78.98920245181407
86.9358413938492
84.75992063492063

75.14379956288595
