----gate cost ----
256
16704
78977
8
7
3078
257159
1084274
6
6
5
5
5
4
4
3
3
1
0
0

0.0
0.8979591836734694
3.258401792382375
4.9225727379303
5.775515244421734
6.327448268524922
6.610435901571642
6.727321501117992
6.716720416770032

6.472353098392578
----NCV-111 cost ----
256
17700
78969
0
0
3088
257348
1084368
0
0
0
0
0
0
0
0
0
0
0
0
0
0
0
0
0
0
0
0
0
0

0.0
2.09375
3.7155612244897958
4.916028911564626
5.767933673469388
6.322515412414966
6.607420989229025
6.7250713045634924
6.713492063492064

6.468443098529613
----NCV-012 cost ----
1600
95325
0
0
0
0
0
0
18292
1326512
0
0
0
0
0
0
0
0
0
0

0.0
2.71875
4.84375
6.428146258503402
7.553571428571429
8.27625425170068
8.626643990929706
8.76297123015873
8.744444444444444

8.448376220496362
----NCV-155 ----
256
1344
0
0
0
16356
78969
0
0
0
0
0
0
0
0
0
0
0
0
0
0
0
0
0
0
3088
15204
0
0
0
242144
1084368
0
0
0
0
0
0
0
0
0
0
0
0
0
0
0
0
0
0
0
0
0
0
0
0
0
0
0
0

0.0
9.59375
16.95280612244898
22.33014455782313
26.08966836734694
28.48757706207483
29.662104946145124
30.12535652281746
30.067460317460316

29.068687665989934
