----gate cost ----
256
2304
13124
49256
120919
207700
262381
262288
217972
155003
91562
41913
13621
3002
407
21
0
0
0
0

0.0
1.5
2.7232142857142856
3.894876700680272
5.017687074829932
6.076913265306122
7.063353883219954
7.974680679563492
7.904861111111111

6.820113211290055
----NCV-111 cost ----
256
1728
7188
18930
30317
28520
21460
29244
60700
94542
90553
60156
48173
70899
97013
86264
47900
30791
45197
66219
60806
37084
25360
39241
54571
43800
22910
18373
32844
45964
38813
18382
8969
11851
16933
14180
6300
2228
1921
2478
1911
596
126
11
21
6
0
0
0
0
0
0
0
0
0
0
0
0
0
0
0
0
0
0
0
0
0
0
0
0
0
0
0
0
0
0
0
0
0
0
0
0
0
0
0
0
0
0
0
0
0
0
0
0
0
0
0
0
0
0

0.0
2.75
5.184948979591836
7.856611394557823
10.750918367346939
13.910682397959183
17.48465490362812
21.590628100198412
21.664583333333333

16.898348441350628
----NCV-012 cost ----
1600
7050
19365
33006
30322
14300
3590
272
3399
22687
61542
102629
98845
48733
14052
2640
3704
26051
68885
108060
89181
37229
8233
821
3387
14086
47211
75254
60708
30037
6149
381
1998
12297
41224
61472
43241
16606
3168
335
1310
10488
34886
51555
38153
15330
2653
137
877
3755
12105
18461
14103
5726
878
57
16
516
1698
2774
1994
451
27
0
0
0
2
21
6
0
0
0
0
0
0
0
0
0
0
0
0
0
0
0
0
0
0
0
0
0
0
0
0
0
0
0
0
0
0
0

0.0
3.3125
6.439413265306122
10.048097363945578
14.111658163265306
18.730559098639457
24.190240575396825
30.688805183531745
30.860367063492063

23.37871194933306
----NCV-155 ----
256
576
576
192
0
1152
3216
2394
288
0
3396
10326
5154
489
0
6018
19367
6912
709
0
5508
18097
6287
430
0
3022
9956
4430
270
0
4508
13086
7631
1052
0
11298
33519
15673
1324
0
19280
59481
21787
2102
0
18336
58422
20492
1595
0
9020
30612
11759
888
0
6950
21589
10580
984
0
13230
39065
17356
1874
0
20366
62395
23574
1883
0
16278
54018
17426
1459
0
6798
24947
8327
509
0
3644
12273
5888
514
0
8732
24986
12540
1774
0
13814
42441
17243
1791
0
10724
36251
12803
930
0
5538
19424
6639
434
0
3066
10095
4700
585
0
7696
22545
10419
945
0
11562
35941
13015
954
0
7626
26752
8310
553
0
3088
11146
3475
205
0
2500
7531
3379
246
0
6814
19458
8066
883
0
9802
30682
10647
426
0
6970
24389
6397
397
0
2894
10487
2626
183
0
1072
3650
1483
203
0
2296
6731
2993
222
0
3454
11159
3589
276
0
2578
9349
2053
123
0
1020
3765
904
53
0
206
865
293
30
0
336
1029
354
36
0
546
1716
488
24
0
378
1315
277
24
0
72
295
81
3
0
0
21
6
0
0
0
2
0
0
0
0
21
0
0
0
0
6
0
0
0
0
0
0
0
0
0
0
0
0
0
0
0
0
0
0
0
0
0
0
0
0
0
0
0
0
0
0
0
0
0
0
0
0
0
0
0
0
0
0
0
0
0
0
0
0
0
0
0
0
0
0
0
0
0
0
0
0
0
0
0
0
0
0
0
0
0
0
0
0
0
0
0
0
0
0

0.0
12.25
23.557397959183675
36.163796768707485
49.99785714285714
65.33161139455783
82.98171414399093
103.49800657242064
103.82688492063492

80.17849054850114
