----gate cost ----
256
1736
6103
13979
22840
27601
27727
29168
38535
52056
58562
54388
52061
56813
70437
56660
40322
3521
0
0

0.0
1.4313725490196079
3.090009891196835
5.238270057306591
7.520998251470354
9.735794488869075
11.694548503409509
12.291844663769611
9.717724583109199

10.641570585787374
----NCV-111 cost ----
256
1728
6096
13972
22835
27602
27776
29266
38621
52307
59344
55831
55116
67693
88205
96202
84843
71482
73415
86083
88992
74297
55476
48074
50294
49094
38330
23569
13582
10344
9885
8616
5786
2962
1381
864
706
485
232
73
13
1
0
0
0
0
0
0
0
0
0
0
0
0
0
0
0
0
0
0
0
0
0
0
0
0
0
0
0
0
0
0
0
0
0
0
0
0
0
0
0
0
0
0
0
0
0
0
0
0
0
0
0
0
0
0
0
0
0
0

0.0
2.75
5.625637755102041
8.607249149659864
11.654625850340135
14.677311862244897
17.412701955782314
19.092937748015874
18.194444444444443

16.498413363399084
----NCV-012 cost ----
1600
7008
18020
29149
31328
20630
9189
2400
3607
16944
40090
64656
65013
43124
18179
4919
6203
28272
69786
106671
105253
66746
27301
6285
6147
27232
69221
101436
96257
58911
24983
6649
3994
14928
38865
56642
52019
30805
12769
3112
774
1760
5605
9726
10986
8270
4049
1215
174
0
176
588
838
775
340
100
10
0
0
0
0
0
0
0
0
0
0
0
0
0
0
0
0
0
0
0
0
0
0
0
0
0
0
0
0
0
0
0
0
0
0
0
0
0
0
0
0
0
0
0

0.0
3.3125
6.936224489795919
10.852465986394558
15.016309523809523
19.31183832908163
23.35203018707483
25.934771825396826
24.63968253968254

22.049485721657813
----NCV-155 ----
256
576
576
192
0
1152
2496
2496
864
0
3024
6312
6488
2196
0
4972
10075
10558
3544
0
5408
10694
11417
3809
0
4154
8345
8755
2880
0
4470
9318
9261
3084
0
7384
15020
15089
4997
0
11460
22518
23202
7579
0
11616
22455
23196
7746
0
8690
16922
17519
5753
0
8134
16613
16200
5504
0
13238
26424
26231
8812
0
19316
37306
37911
12581
0
19164
36317
37326
12446
0
13162
25108
25635
8441
0
9828
19591
18829
6285
0
13810
27133
25915
8648
0
19012
35799
35411
11761
0
18084
33349
33652
11172
0
11584
21554
21642
7191
0
7330
14266
13683
4632
0
8396
16354
15514
5250
0
10846
20252
19819
6659
0
9896
18093
18012
6018
0
5932
10919
10748
3574
0
2740
5179
4935
1675
0
1624
3163
2929
1001
0
1910
3648
3398
1176
0
2092
3908
3735
1251
0
1578
2935
2823
934
0
770
1452
1374
453
0
260
510
468
153
0
144
296
241
81
0
164
316
273
85
0
154
284
256
81
0
68
124
112
36
0
20
37
33
10
0
2
4
3
1
0
0
0
0
0
0
0
0
0
0
0
0
0
0
0
0
0
0
0
0
0
0
0
0
0
0
0
0
0
0
0
0
0
0
0
0
0
0
0
0
0
0
0
0
0
0
0
0
0
0
0
0
0
0
0
0
0
0
0
0
0
0
0
0
0
0
0
0
0
0
0
0
0
0
0
0
0
0
0
0
0
0
0
0
0
0
0
0
0
0
0
0
0
0
0
0
0
0
0
0
0
0
0
0
0
0

0.0
12.25
25.34247448979592
39.17910289115646
53.558843537414965
68.02941645408163
81.27779549319727
89.46468874007937
84.97222222222223

76.88030482843863
