----gate cost ----
256
2304
10656
32844
75022
134522
195644
235709
238462
204019
147858
90503
46271
19390
6424
1576
251
18
0
0

0.0
1.5
2.9636479591836733
4.37765731292517
5.7204421768707485
6.95437925170068
8.007603458049887
8.721428571428572
8.721428571428572

7.672643749276043----NCV-012 cost ----
1441729
0
0
0
0
0
0
0
0
0
0
0
0
0
0
0
0
0
0
0

0.0
0.0
0.0
0.0
0.0
0.0
0.0
0.0
0.0

0.0----NCV-155 ----
1441729
0
0
0
0
0
0
0
0
0
0
0
0
0
0
0
0
0
0
0
0
0
0
0
0
0
0
0
0
0
0
0
0
0
0
0
0
0
0
0
0
0
0
0
0
0
0
0
0
0

0.0
0.0
0.0
0.0
0.0
0.0
0.0
0.0
0.0

0.0