add6.pla
DFS
23897 6118685 6119390 6123497 77.11154079437256
DymDFS
22328 5989408 5990140 5994440 162.11246395111084
DFS_cont
23147 896011 899767 991475 1470.9753386974335
DymDFS_cont
23153 1159192 1173646 1299916 4355.279256820679

alu1.pla
DFS
34315 26484039 26484805 26489383 62.81816792488098
DymDFS
34636 10620596 10621362 10625916 2614.95166182518

alu2.pla
DFS
6594 1284818 1285586 1290170 4.251626491546631
DFSDym
6515 1044335 1045136 1049923 12.286145687103271

alu3.pla
DFS
6099 1109827 1110333 1113351 4.217891216278076
DymDFS
5827 1336981 1337262 1339025 25.672267198562622

apex4.pla
DFS
4420 12941416 12941843 12944440 1.5312540531158447

apla.pla
DFS
9731 16496775 16497712 16503259 4.621666431427002

cm152a.pla
DFS
8584 1280188 1280827 1284636 29.52887511253357

cm85a.pla
DFS
9416 2097752 2098151 2100564 16.689610481262207

dk17.pla
DFS
8868 1891918 1892887 1898662 4.203028440475464

dk27.pla
DFS
1531 368815 369044 370467 1.0468969345092773
DFSDym
977 224163 224236 224755 23.32828426361084

ex1010.pla
DFS
8237 4842377 4843297 4848857 4.306760549545288

ex5p.pla
DFS
2531 127707043775 127707044137 127707046559 0.9967138767242432

sym10.pla
DFS
5167 899 1415 4495 7.17665505409
DFS_Dym
5086 887 1400 4435 38.6449468136

urf4.pla
DFS
8729 1245 1992 6225 39.4094419479
DFS_Dym
8625 1130 1808 5650 166.89511013

x2.pla
DFS
6506 732 1146 3636 6.29838395119
DFS_Dym
6006 463 715 2291 520.116761923