add6.pla
2
24327 6453239 6453947 6458083 36.210
3
23897 6118685 6119390 6123497 33.950
4
21547 6315363 6316002 6319779 43.490
5
21959 1087475 1093199 1187067 68.640
6
19034 4550134 4550638 4553642 67.030
alu1.pla
2
31875 25199839 25200798 25206524 40.710
3
34315 26484039 26484805 26489378 45.290
4
29935 51147887 51148675 51153332 62.270
5
35887 1082495 1082905 1212162 142.620
6
28608 12382280 12382807 12386075 112.080
alu2.pla
2
5458 855798 856229 858858 2.060
3
6594 1284818 1285586 1290167 2.360
4
5367 1584283 1584777 1587759 2.790
5
5927 120735 121157 142746 4.760
6
5436 615716 616315 619911 3.970
alu3.pla
2
6300 1186916 1187497 1190940 2.260
3
6099 1109827 1110333 1113347 2.100
4
5640 1670324 1670671 1672824 2.440
5
6375 120199 120483 143378 5.240
6
5417 735497 735646 736768 4.560
apex4.pla
2
4493 18734213 18734691 18737553 0.820
3
4420 12941416 12941843 12944432 0.740
4
4778 76007286 76007671 76010022 1.150
5
5311 41419 41475 61266 3.410
6
4053 2232629 2233243 2236992 2.120
apla.pla
2
9055 17262343 17262937 17266461 3.190
3
9731 16496775 16497712 16503257 3.270
4
8671 40408935 40409175 40410709 5.530
5
9702 123758 123889 159385 11.340
6
9113 4937625 4938155 4941380 8.440
cm152a.pla
2
10176 1509512 1510433 1515940 8.160
3
8584 1280188 1280827 1284636 7.410
4
8976 1644484 1645081 1648652 7.520
5
8543 414539 420137 464107 11.120
6
7810 1435218 1436013 1441158 10.930
cm85a.pla
2
8876 1971180 1971471 1973240 6.550
3
9416 2097752 2098151 2100564 6.640
4
8262 2197790 2198177 2200474 7.810
5
9308 321596 323129 360208 13.200
6
7672 1464840 1465101 1466700 11.750
dk17.pla
2
8231 5824535 5825262 5829546 3.010
3
8868 7228456 7229425 7235197 2.970
4
8066 14994258 14994652 14997085 4.180
5
8801 122933 123079 155028 8.740
6
8016 3030840 3031256 3033887 6.410
dk27.pla
2
1360 277084 277295 278626 0.240
3
1531 368815 369044 370465 0.230
4
845 310797 310924 311755 0.310
5
1019 10571 10654 14418 0.410
6
1769 355621 355782 356808 0.720
ex1010.pla
2
8562 5176214 5177351 5184099 3.010
3
8237 4842377 4843297 4848856 2.630
4
7629 8400521 8401676 8408466 3.440
5
8826 122830 122964 154977 8.580
6
7325 1756069 1756785 1761024 5.250
ex5p.pla
2
2531 11742926810 11742927172 11742929560 0.270
3
2531 11742926810 11742927172 11742929560 0.250
4
1956 1457232116 1457232151 1457232686 0.480
5
3820 15596 15682 30483 2.890
6
2967 4111268519 4111271605 4111290394 1.450
parity.pla
2
51 107 149 535 3.190
3
failed failed failed failed failed
4
59 163 241 815 1996.310
5
113 5993 6020 6449 288.080
6
41 113 167 565 2105.050
sym10.pla
2
5281 540917 541679 546229 1.970
3
5167 556351 556867 559947 1.770
4
4681 551861 552374 555433 2.030
5
5027 124431 125874 147507 3.100
6
4134 445822 446122 447966 2.700
urf4.pla
2
10520 1575472 1576381 1581532 7.460
3
8729 1275005 1275752 1279985 6.820
4
8712 1656632 1657196 1660392 9.220
5
8841 404129 409847 455669 10.960
6
8074 1551794 1552466 1556274 12.300
urf6.pla
2
127512 170109760 170109775 170109860 1312.870
3
99670 140345054 140345066 140345134 1014.240
4
111040 180124992 180125004 180125072 2130.250
5
183379 31044727 31175227 32169527 4398.270
6
87707 177130703 177130709 177130743 2558.000
x2.pla
2
6354 1970838 1971234 1973596 2.180
3
6506 2434898 2435312 2437796 1.930
4
4293 3290189 3290267 3290827 1.920
5
7095 120471 120743 146530 6.050
6
3832 1237056 1237235 1238387 3.200